beta_h: 3.9138904109589045e-06
beta_v: 0.00020900000000000004
i_h0: 150.0
i_v0: 1.0
lambda_h: 114.286
lambda_v: 21000.0
mu_h: 0.142857
mu_v: 2.1
n_h: 3650.0
n_v: 10000.0
r_zero_d: 0.0
r_zero_s: 0.0
s_h0: 3500.0
s_v0: 20000.0
sigma_h: 0.1
sigma_v: 0.1
